# Parameter-free Attention in fMRI Decoding

## Introduction
This repo includes the experiment codes and experiment results for the Skip Attention Module (SAM). The SAM is a parameter-free attention module using in fMRI decoding to increase the decoding performance, which can be able to stack on any architecture of convolutional neural network without any parameters that need to train, and does not increase any burden of training.

It is authored by <font color="red">Yong Qi</font>

## Data Processing

## Experiment Processing

## Accuracy of Each Experiment
### Overview
|network|aver acc|
|:---:|:---:|
|PlainNet|87.90%|
|PlainNet-SAM|<b>88.69%</b>|

|network|aver acc|
|:---:|:---:|
|3DResNet|83.35%|
|3DResNet-SAM|<b>86.41%</b>|

|network|aver acc|
|:---:|:---:|
|Inception|85.08%|
|Inception-SAM|<b>86.07%</b>|

### 1. PlainNet
#### PlainNet
|Network-ID|BS|LR|Aver ACC|0 ACC|1 ACC|2 ACC|3 ACC|4 ACC|5 ACC|6 ACC|
|:---:|:---:|:---:|:---:|:---:|:---:|:---:|:---:|:---:|:---:|:---:|
|PlainNet-1|16|0.0001|<b>91.33%</b>|83.10%|92.86%|91.55%|98.61%|88.73%|100.00%|84.06%|
|PlainNet-2|16|0.0001|<b>86.09%</b>|78.87%|95.71%|76.06%|97.22%|87.32%|97.22%|69.57%|
|PlainNet-3|16|0.0001|<b>86.69%</b>|77.46%|100.00%|84.51%|94.44%|84.51%|100.00%|65.22%|
|PlainNet-4|16|0.0001|<b>91.33%</b>|84.51%|94.29%|97.18%|97.22%|78.87%|100.00%|86.96%|
|PlainNet-5|16|0.0001|<b>88.71%</b>|88.73%|87.14%|98.59%|97.22%|81.69%|91.67%|75.36%|
|PlainNet-6|16|0.0001|<b>85.28%</b>|95.77%|72.86%|97.18%|94.44%|81.69%|77.78%|76.81%|
|PlainNet-7|16|0.0001|<b>88.51%</b>|80.28%|90.00%|84.51%|98.61%|80.28%|100.00%|85.51%|
|~~PlainNet-8~~|~~16~~|~~0.0001~~|~~66.94%~~|~~66.20%~~|~~32.86%~~|~~100.00%~~|~~91.67%~~|~~38.03%~~|~~80.56%~~|~~57.97%~~|
|PlainNet-9|16|0.0001|<b>81.25%</b>|100.00%|57.14%|95.77%|98.61%|54.93%|88.89%|72.46%|
|PlainNet-10|16|0.0001|<b>91.94%</b>|98.59%|91.43%|92.96%|97.22%|83.10%|97.22%|82.61%|

#### PlainNet-SAM
|Network-ID|BS|LR|Aver ACC|0 ACC|1 ACC|2 ACC|3 ACC|4 ACC|5 ACC|6 ACC|
|:---:|:---:|:---:|:---:|:---:|:---:|:---:|:---:|:---:|:---:|:---:|
|PlainNet-SAM-1|16|0.0001|<b>87.70%</b>|76.06%|97.14%|94.37%|97.22%|74.65%|100.00%|73.91%|
|PlainNet-SAM-2|16|0.0001|<b>87.10%</b>|91.55%|88.57%|98.59%|97.22%|54.93%|97.22%|81.16%|
|PlainNet-SAM-3|16|0.0001|<b>90.93%</b>|91.55%|94.29%|88.73%|100.00%|88.73%|100.00%|72.46%|
|PlainNet-SAM-4|16|0.0001|<b>84.88%</b>|73.24%|98.57%|87.32%|94.44%|77.46%|97.22%|65.22%|
|PlainNet-SAM-5|16|0.0001|<b>87.90%</b>|84.51%|84.29%|100.00%|93.06%|74.65%|91.67%|86.96%|
|PlainNet-SAM-6|16|0.0001|<b>87.50%</b>|85.92%|95.71%|85.92%|93.06%|87.32%|98.61%|65.22%|
|PlainNet-SAM-7|16|0.0001|<b>89.31%</b>|83.10%|97.14%|87.32%|100.00%|80.28%|100.00%|76.81%|
|PlainNet-SAM-8|16|0.0001|<b>90.12%</b>|95.77%|97.14%|91.55%|94.44%|88.73%|97.22%|65.22%|
|PlainNet-SAM-9|16|0.0001|<b>90.73%</b>|95.77%|90.00%|98.59%|97.22%|85.92%|97.22%|69.57%|
|PlainNet-SAM-10|16|0.0001|<b>90.73%</b>|98.59%|88.57%|91.55%|93.06%|80.28%|97.22%|85.51%|





### 2. ResNet
#### ResNet
|Network-ID|BS|LR|Aver ACC|0 ACC|1 ACC|2 ACC|3 ACC|4 ACC|5 ACC|6 ACC|
|:---:|:---:|:---:|:---:|:---:|:---:|:---:|:---:|:---:|:---:|:---:|
|ResNet-1|16|0.0001|<b>83.06%</b>|73.24%|75.71%|97.18%|83.33%|85.92%|87.50%|78.26%|
|ResNet-2|16|0.0001|<b>84.27%</b>|78.87%|87.14%|84.51%|94.44%|91.55%|100.0%|52.17%|
|ResNet-3|16|0.0001|<b>77.02%</b>|46.48%|85.714%|61.97%|98.61%|92.958%|98.61%|53.62%|
|ResNet-4|16|0.0001|<b>78.63%</b>|83.10%|84.286%|98.59%|97.22%|57.75%|90.28%|37.68%|
|ResNet-5|16|0.0001|<b>83.87%</b>|63.39%|94.29%|88.73%|94.44%|60.56%|97.22%|88.41%|
|ResNet-6|16|0.0001|<b>81.45%</b>|70.42%|98.57%|64.79%|95.83%|88.73%|98.61%|52.17%|
|ResNet-7|16|0.0001|<b>86.90%</b>|88.73%|81.43%|98.59%|97.22%|70.42%|94.44%|76.81%|
|ResNet-8|16|0.0001|<b>81.65%</b>|85.92%|90.00%|84.51%|87.50%|92.96%|98.61%|30.43%|
|ResNet-9|16|0.0001|<b>89.31%</b>|85.92%|92.86%|95.77%|95.83%|78.87%|97.22%|78.26%|
|ResNet-10|16|0.0001|<b>87.30%</b>|85.92%|95.71%|94.37%|94.44%|87.32%|100.0%|52.17%|

#### ResNet-SAM
|Network-ID|BS|LR|Aver ACC|0 ACC|1 ACC|2 ACC|3 ACC|4 ACC|5 ACC|6 ACC|
|:---:|:---:|:---:|:---:|:---:|:---:|:---:|:---:|:---:|:---:|:---:|
|ResNet-SAM-1|16|0.0001|<b>90.73%</b>|94.37%|90.00%|97.18%|98.61%|76.06%|97.22%|81.16%|
|ResNet-SAM-2|16|0.0001|<b>85.08%</b>|80.28%|94.29%|80.28%|100.0%|70.42%|100.0%|69.57%|
|ResNet-SAM-3|16|0.0001|<b>83.67%</b>|85.92%|85.71%|88.73%|100.0%|59.15%|95.83%|69.56%|
|ResNet-SAM-4|16|0.0001|<b>88.10%</b>|98.59%|94.29%|91.55%|98.61%|85.91%|97.22%|49.28%|
|ResNet-SAM-5|16|0.0001|<b>88.10%</b>|84.51%|87.14%|88.73%|100.0%|94.37%|100.0%|60.87%|
|ResNet-SAM-6|16|0.0001|<b>84.88%</b>|87.32%|81.43%|76.06%|90.28%|97.18%|88.89%|72.47%|
|ResNet-SAM-7|16|0.0001|<b>87.90%</b>|90.14%|92.86%|98.59%|98.61%|71.83%|95.83%|66.67%|
|ResNet-SAM-8|16|0.0001|<b>87.90%</b>|80.28%|95.71%|84.51%|95.83%|83.10%|97.22%|78.26%|
|ResNet-SAM-9|16|0.0001|<b>86.69%</b>|84.51%|85.71%|91.55%|98.61%|70.42%|95.83%|79.71%|
|ResNet-SAM-10|16|0.0001|<b>81.048%</b>|73.24%|78.57%|95.77%|98.61%|50.70%|95.83%|73.91%|




### 3. InceptionNet
#### InceptionNet
|Network-ID|BS|LR|Aver ACC|0 ACC|1 ACC|2 ACC|3 ACC|4 ACC|5 ACC|6 ACC|
|:---:|:---:|:---:|:---:|:---:|:---:|:---:|:---:|:---:|:---:|:---:|
|Inception-1|16|0.0001|<b>84.48%</b>|67.61%|84.29%|91.55%|97.22%|78.87%|97.22%|73.91%|
|Inception-2|16|0.0001|<b>87.90%</b>|83.10%|88.57%|95.77%|95.83%|90.14%|91.67%|69.57%|
|Inception-3|16|0.0001|<b>86.90%</b>|87.32%|92.86%|88.73%|100.00%|85.92%|90.28%|62.32%|
|Inception-4|16|0.0001|<b>87.30%</b>|80.28%|94.29%|91.55%|97.22%|77.46%|97.22%|72.46%|
|Inception-5|16|0.0001|<b>80.65%</b>|61.97%|100.00%|84.51%|94.44%|73.24%|91.67%|57.97%|
|Inception-6|16|0.0001|<b>83.27%</b>|83.10%|88.57%|80.28%|98.61%|85.92%|91.67%|53.62%|
|Inception-7|16|0.0001|<b>86.49%</b>|92.96%|85.71%|85.92%|100.00%|69.01%|97.22%|73.91%|
|Inception-8|16|0.0001|<b>83.47%</b>|81.69%|95.71%|83.10%|100.00%|78.87%|95.83%|47.83%|
|Inception-9|16|0.0001|<b>86.90%</b>|84.51%|100.00%|91.55%|95.83%|76.06%|94.44%|65.22%|
|Inception-10|16|0.0001|<b>83.47%</b>|87.32%|97.14%|74.65%|98.61%|78.87%|91.67%|55.07%|

#### InceptionNet-SAM
|Network-ID|BS|LR|Aver ACC|0 ACC|1 ACC|2 ACC|3 ACC|4 ACC|5 ACC|6 ACC|
|:---:|:---:|:---:|:---:|:---:|:---:|:---:|:---:|:---:|:---:|:---:|
|Inception-SAM-1|16|0.0001|<b>88.51%</b>|85.92%|97.14%|90.14%|100.00%|71.83%|95.83%|78.26%|
|Inception-SAM-2|16|0.0001|<b>80.04%</b>|70.42%|91.43%|64.79%|97.22%|91.55%|98.61%|44.93%|
|Inception-SAM-3|16|0.0001|<b>86.09%</b>|88.73%|92.86%|87.32%|95.83%|61.97%|95.83%|79.71%|
|Inception-SAM-4|16|0.0001|<b>87.70%</b>|83.10%|94.29%|90.14%|95.83%|84.51%|93.06%|72.46%|
|Inception-SAM-5|16|0.0001|<b>85.28%</b>|80.28%|78.57%|94.37%|95.83%|78.87%|93.06%|75.36%|
|Inception-SAM-6|16|0.0001|<b>88.91%</b>|90.14%|85.71%|88.73%|95.83%|85.92%|93.06%|82.61%|
|Inception-SAM-7|16|0.0001|<b>86.90%</b>|81.69%|80.00%|94.37%|98.61%|76.06%|97.22%|79.71%|
|Inception-SAM-8|16|0.0001|<b>87.50%</b>|84.51%|90.00%|94.37%|94.44%|87.32%|100.00%|60.87%|
|Inception-SAM-9|16|0.0001|<b>85.89%</b>|77.46%|90.00%|92.96%|95.83%|76.06%|97.22%|71.01%|
|Inception-SAM-10|16|0.0001|<b>85.89%</b>|83.10%|94.29%|94.37%|98.61%|69.01%|88.89%|72.46%|

## Confusion Matrix

## 1. PlainNet
#### PlainNet-0
|-|0|1|2|3|4|5|6|
|:--:|:--:|:--:|:--:|:--:|:--:|:--:|:--:|
|<b>0</b>|<b>83.10%</b>|0.00%|1.41%|1.41%|2.82%|5.63%|5.63%|
|<b>1</b>|0.00%|<b>92.86%</b>|0.00%|0.00%|1.43%|1.43%|4.29%|
|<b>2</b>|1.41%|0.00%|<b>91.55%</b>|4.23%|0.00%|0.00%|2.82%|
|<b>3</b>|0.00%|0.00%|0.00%|<b>98.61%</b>|0.00%|0.00%|1.39%|
|<b>4</b>|0.00%|0.00%|0.00%|0.00%|<b>88.73%</b>|5.63%|5.63%|
|<b>5</b>|0.00%|0.00%|0.00%|0.00%|0.00%|<b>100.00%</b>|0.00%|
|<b>6</b>|4.35%|2.90%|0.00%|0.00%|8.70%|0.00%|<b>84.06%</b>|


#### PlainNet-1
|-|0|1|2|3|4|5|6|
|:--:|:--:|:--:|:--:|:--:|:--:|:--:|:--:|
|<b>0</b>|<b>78.87%</b>|1.41%|0.00%|1.41%|5.63%|8.45%|4.23%|
|<b>1</b>|0.00%|<b>95.71%</b>|0.00%|0.00%|1.43%|1.43%|1.43%|
|<b>2</b>|2.82%|0.00%|<b>76.06%</b>|2.82%|2.82%|0.00%|15.49%|
|<b>3</b>|2.78%|0.00%|0.00%|<b>97.22%</b>|0.00%|0.00%|0.00%|
|<b>4</b>|1.41%|2.82%|0.00%|0.00%|<b>87.32%</b>|4.23%|4.23%|
|<b>5</b>|0.00%|2.78%|0.00%|0.00%|0.00%|<b>97.22%</b>|0.00%|
|<b>6</b>|4.35%|2.90%|1.45%|0.00%|21.74%|0.00%|<b>69.57%</b>|


#### PlainNet-2
|-|0|1|2|3|4|5|6|
|:--:|:--:|:--:|:--:|:--:|:--:|:--:|:--:|
|<b>0</b>|<b>77.46%</b>|2.82%|0.00%|0.00%|8.45%|8.45%|2.82%|
|<b>1</b>|0.00%|<b>100.00%</b>|0.00%|0.00%|0.00%|0.00%|0.00%|
|<b>2</b>|2.82%|1.41%|<b>84.51%</b>|1.41%|1.41%|0.00%|8.45%|
|<b>3</b>|1.39%|1.39%|0.00%|<b>94.44%</b>|1.39%|1.39%|0.00%|
|<b>4</b>|0.00%|8.45%|0.00%|0.00%|<b>84.51%</b>|4.23%|2.82%|
|<b>5</b>|0.00%|0.00%|0.00%|0.00%|0.00%|<b>100.00%</b>|0.00%|
|<b>6</b>|2.90%|10.14%|0.00%|0.00%|21.74%|0.00%|<b>65.22%</b>|


#### PlainNet-3
|-|0|1|2|3|4|5|6|
|:--:|:--:|:--:|:--:|:--:|:--:|:--:|:--:|
|<b>0</b>|<b>84.51%</b>|0.00%|2.82%|1.41%|0.00%|0.00%|11.27%|
|<b>1</b>|0.00%|<b>94.29%</b>|0.00%|0.00%|1.43%|0.00%|4.29%|
|<b>2</b>|0.00%|0.00%|<b>97.18%</b>|1.41%|0.00%|0.00%|1.41%|
|<b>3</b>|0.00%|0.00%|2.78%|<b>97.22%</b>|0.00%|0.00%|0.00%|
|<b>4</b>|0.00%|0.00%|0.00%|0.00%|<b>78.87%</b>|4.23%|16.90%|
|<b>5</b>|0.00%|0.00%|0.00%|0.00%|0.00%|<b>100.00%</b>|0.00%|
|<b>6</b>|4.35%|0.00%|2.90%|1.45%|4.35%|0.00%|<b>86.96%</b>|


#### PlainNet-4
|-|0|1|2|3|4|5|6|
|:--:|:--:|:--:|:--:|:--:|:--:|:--:|:--:|
|<b>0</b>|<b>88.73%</b>|0.00%|2.82%|1.41%|0.00%|0.00%|7.04%|
|<b>1</b>|0.00%|<b>87.14%</b>|1.43%|0.00%|4.29%|0.00%|7.14%|
|<b>2</b>|0.00%|0.00%|<b>98.59%</b>|1.41%|0.00%|0.00%|0.00%|
|<b>3</b>|0.00%|0.00%|2.78%|<b>97.22%</b>|0.00%|0.00%|0.00%|
|<b>4</b>|1.41%|0.00%|1.41%|0.00%|<b>81.69%</b>|0.00%|15.49%|
|<b>5</b>|4.17%|2.78%|0.00%|0.00%|1.39%|<b>91.67%</b>|0.00%|
|<b>6</b>|4.35%|1.45%|10.14%|2.90%|5.80%|0.00%|<b>75.36%</b>|


#### PlainNet-5
|-|0|1|2|3|4|5|6|
|:--:|:--:|:--:|:--:|:--:|:--:|:--:|:--:|
|<b>0</b>|<b>95.77%</b>|0.00%|2.82%|0.00%|0.00%|0.00%|1.41%|
|<b>1</b>|5.71%|<b>72.86%</b>|0.00%|0.00%|2.86%|0.00%|18.57%|
|<b>2</b>|1.41%|0.00%|<b>97.18%</b>|1.41%|0.00%|0.00%|0.00%|
|<b>3</b>|1.39%|0.00%|4.17%|<b>94.44%</b>|0.00%|0.00%|0.00%|
|<b>4</b>|7.04%|0.00%|0.00%|0.00%|<b>81.69%</b>|0.00%|11.27%|
|<b>5</b>|20.83%|1.39%|0.00%|0.00%|0.00%|<b>77.78%</b>|0.00%|
|<b>6</b>|7.25%|0.00%|8.70%|2.90%|4.35%|0.00%|<b>76.81%</b>|


#### PlainNet-6
|-|0|1|2|3|4|5|6|
|:--:|:--:|:--:|:--:|:--:|:--:|:--:|:--:|
|<b>0</b>|<b>80.28%</b>|0.00%|0.00%|1.41%|4.23%|1.41%|12.68%|
|<b>1</b>|0.00%|<b>90.00%</b>|0.00%|0.00%|1.43%|1.43%|7.14%|
|<b>2</b>|1.41%|0.00%|<b>84.51%</b>|2.82%|0.00%|0.00%|11.27%|
|<b>3</b>|0.00%|0.00%|0.00%|<b>98.61%</b>|0.00%|0.00%|1.39%|
|<b>4</b>|0.00%|4.23%|0.00%|0.00%|<b>80.28%</b>|2.82%|12.68%|
|<b>5</b>|0.00%|0.00%|0.00%|0.00%|0.00%|<b>100.00%</b>|0.00%|
|<b>6</b>|1.45%|1.45%|1.45%|1.45%|8.70%|0.00%|<b>85.51%</b>|


#### PlainNet-7
|-|0|1|2|3|4|5|6|
|:--:|:--:|:--:|:--:|:--:|:--:|:--:|:--:|
|<b>0</b>|<b>66.20%</b>|0.00%|28.17%|4.23%|0.00%|0.00%|1.41%|
|<b>1</b>|2.86%|<b>32.86%</b>|4.29%|0.00%|0.00%|0.00%|60.00%|
|<b>2</b>|0.00%|0.00%|<b>100.00%</b>|0.00%|0.00%|0.00%|0.00%|
|<b>3</b>|0.00%|0.00%|8.33%|<b>91.67%</b>|0.00%|0.00%|0.00%|
|<b>4</b>|14.08%|0.00%|5.63%|2.82%|<b>38.03%</b>|0.00%|39.44%|
|<b>5</b>|13.89%|0.00%|1.39%|2.78%|0.00%|<b>80.56%</b>|1.39%|
|<b>6</b>|1.45%|0.00%|34.78%|5.80%|0.00%|0.00%|<b>57.97%</b>|


#### PlainNet-8
|-|0|1|2|3|4|5|6|
|:--:|:--:|:--:|:--:|:--:|:--:|:--:|:--:|
|<b>0</b>|<b>100.00%</b>|0.00%|0.00%|0.00%|0.00%|0.00%|0.00%|
|<b>1</b>|11.43%|<b>57.14%</b>|0.00%|0.00%|1.43%|0.00%|30.00%|
|<b>2</b>|1.41%|0.00%|<b>95.77%</b>|1.41%|0.00%|0.00%|1.41%|
|<b>3</b>|0.00%|0.00%|1.39%|<b>98.61%</b>|0.00%|0.00%|0.00%|
|<b>4</b>|18.31%|0.00%|0.00%|1.41%|<b>54.93%</b>|0.00%|25.35%|
|<b>5</b>|11.11%|0.00%|0.00%|0.00%|0.00%|<b>88.89%</b>|0.00%|
|<b>6</b>|18.84%|0.00%|5.80%|2.90%|0.00%|0.00%|<b>72.46%</b>|


#### PlainNet-9
|-|0|1|2|3|4|5|6|
|:--:|:--:|:--:|:--:|:--:|:--:|:--:|:--:|
|<b>0</b>|<b>98.59%</b>|0.00%|0.00%|0.00%|0.00%|0.00%|1.41%|
|<b>1</b>|1.43%|<b>91.43%</b>|0.00%|0.00%|1.43%|0.00%|5.71%|
|<b>2</b>|2.82%|0.00%|<b>92.96%</b>|1.41%|0.00%|0.00%|2.82%|
|<b>3</b>|2.78%|0.00%|0.00%|<b>97.22%</b>|0.00%|0.00%|0.00%|
|<b>4</b>|2.82%|2.82%|0.00%|0.00%|<b>83.10%</b>|1.41%|9.86%|
|<b>5</b>|2.78%|0.00%|0.00%|0.00%|0.00%|<b>97.22%</b>|0.00%|
|<b>6</b>|7.25%|2.90%|2.90%|1.45%|2.90%|0.00%|<b>82.61%</b>|


## 2. PlainNet-SAM
#### PlainNet-SAM-0
|-|0|1|2|3|4|5|6|
|:--:|:--:|:--:|:--:|:--:|:--:|:--:|:--:|
|<b>0</b>|<b>76.06%</b>|1.41%|2.82%|2.82%|1.41%|5.63%|9.86%|
|<b>1</b>|0.00%|<b>97.14%</b>|0.00%|0.00%|0.00%|1.43%|1.43%|
|<b>2</b>|0.00%|0.00%|<b>94.37%</b>|2.82%|1.41%|0.00%|1.41%|
|<b>3</b>|1.39%|0.00%|0.00%|<b>97.22%</b>|0.00%|0.00%|1.39%|
|<b>4</b>|0.00%|11.27%|0.00%|0.00%|<b>74.65%</b>|5.63%|8.45%|
|<b>5</b>|0.00%|0.00%|0.00%|0.00%|0.00%|<b>100.00%</b>|0.00%|
|<b>6</b>|2.90%|11.59%|1.45%|2.90%|7.25%|0.00%|<b>73.91%</b>|


#### PlainNet-SAM-1
|-|0|1|2|3|4|5|6|
|:--:|:--:|:--:|:--:|:--:|:--:|:--:|:--:|
|<b>0</b>|<b>91.55%</b>|0.00%|4.23%|1.41%|0.00%|0.00%|2.82%|
|<b>1</b>|0.00%|<b>88.57%</b>|2.86%|0.00%|0.00%|1.43%|7.14%|
|<b>2</b>|0.00%|0.00%|<b>98.59%</b>|1.41%|0.00%|0.00%|0.00%|
|<b>3</b>|1.39%|0.00%|1.39%|<b>97.22%</b>|0.00%|0.00%|0.00%|
|<b>4</b>|7.04%|7.04%|1.41%|0.00%|<b>54.93%</b>|1.41%|28.17%|
|<b>5</b>|2.78%|0.00%|0.00%|0.00%|0.00%|<b>97.22%</b>|0.00%|
|<b>6</b>|4.35%|1.45%|10.14%|2.90%|0.00%|0.00%|<b>81.16%</b>|


#### PlainNet-SAM-2
|-|0|1|2|3|4|5|6|
|:--:|:--:|:--:|:--:|:--:|:--:|:--:|:--:|
|<b>0</b>|<b>91.55%</b>|0.00%|0.00%|4.23%|1.41%|0.00%|2.82%|
|<b>1</b>|0.00%|<b>94.29%</b>|0.00%|0.00%|2.86%|1.43%|1.43%|
|<b>2</b>|1.41%|0.00%|<b>88.73%</b>|7.04%|1.41%|0.00%|1.41%|
|<b>3</b>|0.00%|0.00%|0.00%|<b>100.00%</b>|0.00%|0.00%|0.00%|
|<b>4</b>|0.00%|1.41%|0.00%|0.00%|<b>88.73%</b>|4.23%|5.63%|
|<b>5</b>|0.00%|0.00%|0.00%|0.00%|0.00%|<b>100.00%</b>|0.00%|
|<b>6</b>|5.80%|4.35%|4.35%|4.35%|8.70%|0.00%|<b>72.46%</b>|


#### PlainNet-SAM-3
|-|0|1|2|3|4|5|6|
|:--:|:--:|:--:|:--:|:--:|:--:|:--:|:--:|
|<b>0</b>|<b>73.24%</b>|4.23%|0.00%|1.41%|7.04%|9.86%|4.23%|
|<b>1</b>|0.00%|<b>98.57%</b>|0.00%|0.00%|0.00%|0.00%|1.43%|
|<b>2</b>|2.82%|0.00%|<b>87.32%</b>|1.41%|1.41%|0.00%|7.04%|
|<b>3</b>|1.39%|1.39%|0.00%|<b>94.44%</b>|2.78%|0.00%|0.00%|
|<b>4</b>|1.41%|12.68%|0.00%|0.00%|<b>77.46%</b>|4.23%|4.23%|
|<b>5</b>|0.00%|2.78%|0.00%|0.00%|0.00%|<b>97.22%</b>|0.00%|
|<b>6</b>|5.80%|14.49%|0.00%|2.90%|11.59%|0.00%|<b>65.22%</b>|


#### PlainNet-SAM-4
|-|0|1|2|3|4|5|6|
|:--:|:--:|:--:|:--:|:--:|:--:|:--:|:--:|
|<b>0</b>|<b>84.51%</b>|0.00%|4.23%|1.41%|0.00%|0.00%|9.86%|
|<b>1</b>|0.00%|<b>84.29%</b>|2.86%|0.00%|1.43%|0.00%|11.43%|
|<b>2</b>|0.00%|0.00%|<b>100.00%</b>|0.00%|0.00%|0.00%|0.00%|
|<b>3</b>|0.00%|0.00%|5.56%|<b>93.06%</b>|0.00%|0.00%|1.39%|
|<b>4</b>|4.23%|0.00%|1.41%|0.00%|<b>74.65%</b>|0.00%|19.72%|
|<b>5</b>|4.17%|4.17%|0.00%|0.00%|0.00%|<b>91.67%</b>|0.00%|
|<b>6</b>|2.90%|0.00%|8.70%|0.00%|1.45%|0.00%|<b>86.96%</b>|


#### PlainNet-SAM-5
|-|0|1|2|3|4|5|6|
|:--:|:--:|:--:|:--:|:--:|:--:|:--:|:--:|
|<b>0</b>|<b>85.92%</b>|1.41%|0.00%|0.00%|5.63%|5.63%|1.41%|
|<b>1</b>|0.00%|<b>95.71%</b>|0.00%|0.00%|1.43%|1.43%|1.43%|
|<b>2</b>|2.82%|0.00%|<b>85.92%</b>|1.41%|1.41%|0.00%|8.45%|
|<b>3</b>|4.17%|1.39%|1.39%|<b>93.06%</b>|0.00%|0.00%|0.00%|
|<b>4</b>|0.00%|5.63%|0.00%|0.00%|<b>87.32%</b>|4.23%|2.82%|
|<b>5</b>|0.00%|1.39%|0.00%|0.00%|0.00%|<b>98.61%</b>|0.00%|
|<b>6</b>|2.90%|8.70%|0.00%|0.00%|23.19%|0.00%|<b>65.22%</b>|


#### PlainNet-SAM-6
|-|0|1|2|3|4|5|6|
|:--:|:--:|:--:|:--:|:--:|:--:|:--:|:--:|
|<b>0</b>|<b>83.10%</b>|1.41%|0.00%|2.82%|0.00%|5.63%|7.04%|
|<b>1</b>|0.00%|<b>97.14%</b>|0.00%|0.00%|0.00%|1.43%|1.43%|
|<b>2</b>|0.00%|0.00%|<b>87.32%</b>|5.63%|1.41%|0.00%|5.63%|
|<b>3</b>|0.00%|0.00%|0.00%|<b>100.00%</b>|0.00%|0.00%|0.00%|
|<b>4</b>|0.00%|8.45%|0.00%|0.00%|<b>80.28%</b>|4.23%|7.04%|
|<b>5</b>|0.00%|0.00%|0.00%|0.00%|0.00%|<b>100.00%</b>|0.00%|
|<b>6</b>|2.90%|5.80%|1.45%|2.90%|10.14%|0.00%|<b>76.81%</b>|


#### PlainNet-SAM-7
|-|0|1|2|3|4|5|6|
|:--:|:--:|:--:|:--:|:--:|:--:|:--:|:--:|
|<b>0</b>|<b>95.77%</b>|0.00%|0.00%|0.00%|0.00%|1.41%|2.82%|
|<b>1</b>|0.00%|<b>97.14%</b>|0.00%|0.00%|1.43%|1.43%|0.00%|
|<b>2</b>|1.41%|0.00%|<b>91.55%</b>|2.82%|0.00%|0.00%|4.23%|
|<b>3</b>|5.56%|0.00%|0.00%|<b>94.44%</b>|0.00%|0.00%|0.00%|
|<b>4</b>|2.82%|1.41%|0.00%|0.00%|<b>88.73%</b>|1.41%|5.63%|
|<b>5</b>|0.00%|2.78%|0.00%|0.00%|0.00%|<b>97.22%</b>|0.00%|
|<b>6</b>|8.70%|10.14%|2.90%|1.45%|11.59%|0.00%|<b>65.22%</b>|


#### PlainNet-SAM-8
|-|0|1|2|3|4|5|6|
|:--:|:--:|:--:|:--:|:--:|:--:|:--:|:--:|
|<b>0</b>|<b>95.77%</b>|0.00%|4.23%|0.00%|0.00%|0.00%|0.00%|
|<b>1</b>|2.86%|<b>90.00%</b>|0.00%|0.00%|1.43%|1.43%|4.29%|
|<b>2</b>|0.00%|0.00%|<b>98.59%</b>|1.41%|0.00%|0.00%|0.00%|
|<b>3</b>|2.78%|0.00%|0.00%|<b>97.22%</b>|0.00%|0.00%|0.00%|
|<b>4</b>|5.63%|1.41%|1.41%|0.00%|<b>85.92%</b>|1.41%|4.23%|
|<b>5</b>|1.39%|1.39%|0.00%|0.00%|0.00%|<b>97.22%</b>|0.00%|
|<b>6</b>|5.80%|0.00%|11.59%|1.45%|11.59%|0.00%|<b>69.57%</b>|


#### PlainNet-SAM-9
|-|0|1|2|3|4|5|6|
|:--:|:--:|:--:|:--:|:--:|:--:|:--:|:--:|
|<b>0</b>|<b>98.59%</b>|0.00%|0.00%|0.00%|0.00%|0.00%|1.41%|
|<b>1</b>|4.29%|<b>88.57%</b>|0.00%|0.00%|0.00%|0.00%|7.14%|
|<b>2</b>|4.23%|0.00%|<b>91.55%</b>|1.41%|1.41%|0.00%|1.41%|
|<b>3</b>|5.56%|0.00%|1.39%|<b>93.06%</b>|0.00%|0.00%|0.00%|
|<b>4</b>|2.82%|0.00%|0.00%|0.00%|<b>80.28%</b>|2.82%|14.08%|
|<b>5</b>|2.78%|0.00%|0.00%|0.00%|0.00%|<b>97.22%</b>|0.00%|
|<b>6</b>|7.25%|1.45%|2.90%|0.00%|2.90%|0.00%|<b>85.51%</b>|


## 3. ResNet
#### ResNet-0
|-|0|1|2|3|4|5|6|
|:--:|:--:|:--:|:--:|:--:|:--:|:--:|:--:|
|<b>0</b>|<b>73.24%</b>|0.00%|14.08%|1.41%|1.41%|0.00%|9.86%|
|<b>1</b>|2.86%|<b>75.71%</b>|0.00%|0.00%|7.14%|0.00%|14.29%|
|<b>2</b>|0.00%|0.00%|<b>97.18%</b>|1.41%|0.00%|0.00%|1.41%|
|<b>3</b>|1.39%|0.00%|13.89%|<b>83.33%</b>|0.00%|0.00%|1.39%|
|<b>4</b>|2.82%|0.00%|0.00%|0.00%|<b>85.92%</b>|0.00%|11.27%|
|<b>5</b>|4.17%|1.39%|0.00%|0.00%|5.56%|<b>87.50%</b>|1.39%|
|<b>6</b>|1.45%|0.00%|13.04%|1.45%|5.80%|0.00%|<b>78.26%</b>|


#### ResNet-1
|-|0|1|2|3|4|5|6|
|:--:|:--:|:--:|:--:|:--:|:--:|:--:|:--:|
|<b>0</b>|<b>78.87%</b>|2.82%|0.00%|0.00%|5.63%|5.63%|7.04%|
|<b>1</b>|0.00%|<b>87.14%</b>|0.00%|0.00%|1.43%|8.57%|2.86%|
|<b>2</b>|0.00%|0.00%|<b>84.51%</b>|2.82%|1.41%|0.00%|11.27%|
|<b>3</b>|4.17%|0.00%|1.39%|<b>94.44%</b>|0.00%|0.00%|0.00%|
|<b>4</b>|0.00%|1.41%|0.00%|0.00%|<b>91.55%</b>|4.23%|2.82%|
|<b>5</b>|0.00%|0.00%|0.00%|0.00%|0.00%|<b>100.00%</b>|0.00%|
|<b>6</b>|2.90%|10.14%|0.00%|0.00%|31.88%|2.90%|<b>52.17%</b>|


#### ResNet-2
|-|0|1|2|3|4|5|6|
|:--:|:--:|:--:|:--:|:--:|:--:|:--:|:--:|
|<b>0</b>|<b>46.48%</b>|1.41%|0.00%|2.82%|21.13%|19.72%|8.45%|
|<b>1</b>|0.00%|<b>85.71%</b>|0.00%|0.00%|7.14%|5.71%|1.43%|
|<b>2</b>|0.00%|0.00%|<b>61.97%</b>|11.27%|5.63%|2.82%|18.31%|
|<b>3</b>|0.00%|0.00%|0.00%|<b>98.61%</b>|0.00%|0.00%|1.39%|
|<b>4</b>|0.00%|1.41%|0.00%|0.00%|<b>92.96%</b>|4.23%|1.41%|
|<b>5</b>|0.00%|1.39%|0.00%|0.00%|0.00%|<b>98.61%</b>|0.00%|
|<b>6</b>|1.45%|4.35%|0.00%|1.45%|37.68%|1.45%|<b>53.62%</b>|


#### ResNet-3
|-|0|1|2|3|4|5|6|
|:--:|:--:|:--:|:--:|:--:|:--:|:--:|:--:|
|<b>0</b>|<b>83.10%</b>|0.00%|12.68%|4.23%|0.00%|0.00%|0.00%|
|<b>1</b>|2.86%|<b>84.29%</b>|0.00%|0.00%|0.00%|1.43%|11.43%|
|<b>2</b>|0.00%|0.00%|<b>98.59%</b>|1.41%|0.00%|0.00%|0.00%|
|<b>3</b>|0.00%|0.00%|2.78%|<b>97.22%</b>|0.00%|0.00%|0.00%|
|<b>4</b>|9.86%|2.82%|1.41%|7.04%|<b>57.75%</b>|1.41%|19.72%|
|<b>5</b>|8.33%|1.39%|0.00%|0.00%|0.00%|<b>90.28%</b>|0.00%|
|<b>6</b>|11.59%|0.00%|37.68%|13.04%|0.00%|0.00%|<b>37.68%</b>|


#### ResNet-4
|-|0|1|2|3|4|5|6|
|:--:|:--:|:--:|:--:|:--:|:--:|:--:|:--:|
|<b>0</b>|<b>63.38%</b>|7.04%|0.00%|2.82%|0.00%|8.45%|18.31%|
|<b>1</b>|0.00%|<b>94.29%</b>|0.00%|0.00%|0.00%|1.43%|4.29%|
|<b>2</b>|0.00%|0.00%|<b>88.73%</b>|1.41%|0.00%|0.00%|9.86%|
|<b>3</b>|1.39%|1.39%|2.78%|<b>94.44%</b>|0.00%|0.00%|0.00%|
|<b>4</b>|0.00%|9.86%|0.00%|0.00%|<b>60.56%</b>|4.23%|25.35%|
|<b>5</b>|0.00%|2.78%|0.00%|0.00%|0.00%|<b>97.22%</b>|0.00%|
|<b>6</b>|1.45%|7.25%|1.45%|0.00%|1.45%|0.00%|<b>88.41%</b>|


#### ResNet-5
|-|0|1|2|3|4|5|6|
|:--:|:--:|:--:|:--:|:--:|:--:|:--:|:--:|
|<b>0</b>|<b>70.42%</b>|4.23%|0.00%|0.00%|9.86%|11.27%|4.23%|
|<b>1</b>|0.00%|<b>98.57%</b>|0.00%|0.00%|1.43%|0.00%|0.00%|
|<b>2</b>|4.23%|0.00%|<b>64.79%</b>|9.86%|1.41%|0.00%|19.72%|
|<b>3</b>|2.78%|1.39%|0.00%|<b>95.83%</b>|0.00%|0.00%|0.00%|
|<b>4</b>|0.00%|5.63%|0.00%|0.00%|<b>88.73%</b>|4.23%|1.41%|
|<b>5</b>|0.00%|1.39%|0.00%|0.00%|0.00%|<b>98.61%</b>|0.00%|
|<b>6</b>|2.90%|14.49%|0.00%|1.45%|27.54%|1.45%|<b>52.17%</b>|


#### ResNet-6
|-|0|1|2|3|4|5|6|
|:--:|:--:|:--:|:--:|:--:|:--:|:--:|:--:|
|<b>0</b>|<b>88.73%</b>|0.00%|5.63%|4.23%|0.00%|0.00%|1.41%|
|<b>1</b>|2.86%|<b>81.43%</b>|0.00%|0.00%|1.43%|0.00%|14.29%|
|<b>2</b>|0.00%|0.00%|<b>98.59%</b>|1.41%|0.00%|0.00%|0.00%|
|<b>3</b>|0.00%|0.00%|2.78%|<b>97.22%</b>|0.00%|0.00%|0.00%|
|<b>4</b>|5.63%|0.00%|0.00%|1.41%|<b>70.42%</b>|1.41%|21.13%|
|<b>5</b>|4.17%|1.39%|0.00%|0.00%|0.00%|<b>94.44%</b>|0.00%|
|<b>6</b>|2.90%|0.00%|13.04%|5.80%|1.45%|0.00%|<b>76.81%</b>|


#### ResNet-7
|-|0|1|2|3|4|5|6|
|:--:|:--:|:--:|:--:|:--:|:--:|:--:|:--:|
|<b>0</b>|<b>85.92%</b>|1.41%|0.00%|0.00%|8.45%|4.23%|0.00%|
|<b>1</b>|1.43%|<b>90.00%</b>|0.00%|0.00%|5.71%|2.86%|0.00%|
|<b>2</b>|2.82%|0.00%|<b>84.51%</b>|1.41%|1.41%|0.00%|9.86%|
|<b>3</b>|9.72%|1.39%|1.39%|<b>87.50%</b>|0.00%|0.00%|0.00%|
|<b>4</b>|0.00%|0.00%|0.00%|0.00%|<b>92.96%</b>|5.63%|1.41%|
|<b>5</b>|0.00%|1.39%|0.00%|0.00%|0.00%|<b>98.61%</b>|0.00%|
|<b>6</b>|11.59%|20.29%|0.00%|0.00%|37.68%|0.00%|<b>30.43%</b>|


#### ResNet-8
|-|0|1|2|3|4|5|6|
|:--:|:--:|:--:|:--:|:--:|:--:|:--:|:--:|
|<b>0</b>|<b>85.92%</b>|0.00%|2.82%|1.41%|0.00%|0.00%|9.86%|
|<b>1</b>|0.00%|<b>92.86%</b>|0.00%|0.00%|0.00%|1.43%|5.71%|
|<b>2</b>|0.00%|0.00%|<b>95.77%</b>|1.41%|0.00%|0.00%|2.82%|
|<b>3</b>|0.00%|0.00%|4.17%|<b>95.83%</b>|0.00%|0.00%|0.00%|
|<b>4</b>|1.41%|5.63%|0.00%|0.00%|<b>78.87%</b>|4.23%|9.86%|
|<b>5</b>|0.00%|2.78%|0.00%|0.00%|0.00%|<b>97.22%</b>|0.00%|
|<b>6</b>|1.45%|1.45%|7.25%|2.90%|8.70%|0.00%|<b>78.26%</b>|


#### ResNet-9
|-|0|1|2|3|4|5|6|
|:--:|:--:|:--:|:--:|:--:|:--:|:--:|:--:|
|<b>0</b>|<b>85.92%</b>|1.41%|0.00%|2.82%|5.63%|1.41%|2.82%|
|<b>1</b>|0.00%|<b>95.71%</b>|0.00%|0.00%|1.43%|2.86%|0.00%|
|<b>2</b>|1.41%|0.00%|<b>94.37%</b>|2.82%|0.00%|0.00%|1.41%|
|<b>3</b>|0.00%|1.39%|1.39%|<b>94.44%</b>|0.00%|0.00%|2.78%|
|<b>4</b>|0.00%|4.23%|0.00%|0.00%|<b>87.32%</b>|5.63%|2.82%|
|<b>5</b>|0.00%|0.00%|0.00%|0.00%|0.00%|<b>100.00%</b>|0.00%|
|<b>6</b>|5.80%|15.94%|4.35%|0.00%|21.74%|0.00%|<b>52.17%</b>|

## 4. ResNet-SAM
#### ResNet-SAM-0
|-|0|1|2|3|4|5|6|
|:--:|:--:|:--:|:--:|:--:|:--:|:--:|:--:|
|<b>0</b>|<b>76.06%</b>|1.41%|2.82%|2.82%|1.41%|5.63%|9.86%|
|<b>1</b>|0.00%|<b>97.14%</b>|0.00%|0.00%|0.00%|1.43%|1.43%|
|<b>2</b>|0.00%|0.00%|<b>94.37%</b>|2.82%|1.41%|0.00%|1.41%|
|<b>3</b>|1.39%|0.00%|0.00%|<b>97.22%</b>|0.00%|0.00%|1.39%|
|<b>4</b>|0.00%|11.27%|0.00%|0.00%|<b>74.65%</b>|5.63%|8.45%|
|<b>5</b>|0.00%|0.00%|0.00%|0.00%|0.00%|<b>100.00%</b>|0.00%|
|<b>6</b>|2.90%|11.59%|1.45%|2.90%|7.25%|0.00%|<b>73.91%</b>|


#### ResNet-SAM-1
|-|0|1|2|3|4|5|6|
|:--:|:--:|:--:|:--:|:--:|:--:|:--:|:--:|
|<b>0</b>|<b>91.55%</b>|0.00%|4.23%|1.41%|0.00%|0.00%|2.82%|
|<b>1</b>|0.00%|<b>88.57%</b>|2.86%|0.00%|0.00%|1.43%|7.14%|
|<b>2</b>|0.00%|0.00%|<b>98.59%</b>|1.41%|0.00%|0.00%|0.00%|
|<b>3</b>|1.39%|0.00%|1.39%|<b>97.22%</b>|0.00%|0.00%|0.00%|
|<b>4</b>|7.04%|7.04%|1.41%|0.00%|<b>54.93%</b>|1.41%|28.17%|
|<b>5</b>|2.78%|0.00%|0.00%|0.00%|0.00%|<b>97.22%</b>|0.00%|
|<b>6</b>|4.35%|1.45%|10.14%|2.90%|0.00%|0.00%|<b>81.16%</b>|


#### ResNet-SAM-2
|-|0|1|2|3|4|5|6|
|:--:|:--:|:--:|:--:|:--:|:--:|:--:|:--:|
|<b>0</b>|<b>91.55%</b>|0.00%|0.00%|4.23%|1.41%|0.00%|2.82%|
|<b>1</b>|0.00%|<b>94.29%</b>|0.00%|0.00%|2.86%|1.43%|1.43%|
|<b>2</b>|1.41%|0.00%|<b>88.73%</b>|7.04%|1.41%|0.00%|1.41%|
|<b>3</b>|0.00%|0.00%|0.00%|<b>100.00%</b>|0.00%|0.00%|0.00%|
|<b>4</b>|0.00%|1.41%|0.00%|0.00%|<b>88.73%</b>|4.23%|5.63%|
|<b>5</b>|0.00%|0.00%|0.00%|0.00%|0.00%|<b>100.00%</b>|0.00%|
|<b>6</b>|5.80%|4.35%|4.35%|4.35%|8.70%|0.00%|<b>72.46%</b>|


#### ResNet-SAM-3
|-|0|1|2|3|4|5|6|
|:--:|:--:|:--:|:--:|:--:|:--:|:--:|:--:|
|<b>0</b>|<b>73.24%</b>|4.23%|0.00%|1.41%|7.04%|9.86%|4.23%|
|<b>1</b>|0.00%|<b>98.57%</b>|0.00%|0.00%|0.00%|0.00%|1.43%|
|<b>2</b>|2.82%|0.00%|<b>87.32%</b>|1.41%|1.41%|0.00%|7.04%|
|<b>3</b>|1.39%|1.39%|0.00%|<b>94.44%</b>|2.78%|0.00%|0.00%|
|<b>4</b>|1.41%|12.68%|0.00%|0.00%|<b>77.46%</b>|4.23%|4.23%|
|<b>5</b>|0.00%|2.78%|0.00%|0.00%|0.00%|<b>97.22%</b>|0.00%|
|<b>6</b>|5.80%|14.49%|0.00%|2.90%|11.59%|0.00%|<b>65.22%</b>|


#### ResNet-SAM-4
|-|0|1|2|3|4|5|6|
|:--:|:--:|:--:|:--:|:--:|:--:|:--:|:--:|
|<b>0</b>|<b>84.51%</b>|0.00%|4.23%|1.41%|0.00%|0.00%|9.86%|
|<b>1</b>|0.00%|<b>84.29%</b>|2.86%|0.00%|1.43%|0.00%|11.43%|
|<b>2</b>|0.00%|0.00%|<b>100.00%</b>|0.00%|0.00%|0.00%|0.00%|
|<b>3</b>|0.00%|0.00%|5.56%|<b>93.06%</b>|0.00%|0.00%|1.39%|
|<b>4</b>|4.23%|0.00%|1.41%|0.00%|<b>74.65%</b>|0.00%|19.72%|
|<b>5</b>|4.17%|4.17%|0.00%|0.00%|0.00%|<b>91.67%</b>|0.00%|
|<b>6</b>|2.90%|0.00%|8.70%|0.00%|1.45%|0.00%|<b>86.96%</b>|


#### ResNet-SAM-5
|-|0|1|2|3|4|5|6|
|:--:|:--:|:--:|:--:|:--:|:--:|:--:|:--:|
|<b>0</b>|<b>85.92%</b>|1.41%|0.00%|0.00%|5.63%|5.63%|1.41%|
|<b>1</b>|0.00%|<b>95.71%</b>|0.00%|0.00%|1.43%|1.43%|1.43%|
|<b>2</b>|2.82%|0.00%|<b>85.92%</b>|1.41%|1.41%|0.00%|8.45%|
|<b>3</b>|4.17%|1.39%|1.39%|<b>93.06%</b>|0.00%|0.00%|0.00%|
|<b>4</b>|0.00%|5.63%|0.00%|0.00%|<b>87.32%</b>|4.23%|2.82%|
|<b>5</b>|0.00%|1.39%|0.00%|0.00%|0.00%|<b>98.61%</b>|0.00%|
|<b>6</b>|2.90%|8.70%|0.00%|0.00%|23.19%|0.00%|<b>65.22%</b>|


#### ResNet-SAM-6
|-|0|1|2|3|4|5|6|
|:--:|:--:|:--:|:--:|:--:|:--:|:--:|:--:|
|<b>0</b>|<b>83.10%</b>|1.41%|0.00%|2.82%|0.00%|5.63%|7.04%|
|<b>1</b>|0.00%|<b>97.14%</b>|0.00%|0.00%|0.00%|1.43%|1.43%|
|<b>2</b>|0.00%|0.00%|<b>87.32%</b>|5.63%|1.41%|0.00%|5.63%|
|<b>3</b>|0.00%|0.00%|0.00%|<b>100.00%</b>|0.00%|0.00%|0.00%|
|<b>4</b>|0.00%|8.45%|0.00%|0.00%|<b>80.28%</b>|4.23%|7.04%|
|<b>5</b>|0.00%|0.00%|0.00%|0.00%|0.00%|<b>100.00%</b>|0.00%|
|<b>6</b>|2.90%|5.80%|1.45%|2.90%|10.14%|0.00%|<b>76.81%</b>|


#### ResNet-SAM-7
|-|0|1|2|3|4|5|6|
|:--:|:--:|:--:|:--:|:--:|:--:|:--:|:--:|
|<b>0</b>|<b>95.77%</b>|0.00%|0.00%|0.00%|0.00%|1.41%|2.82%|
|<b>1</b>|0.00%|<b>97.14%</b>|0.00%|0.00%|1.43%|1.43%|0.00%|
|<b>2</b>|1.41%|0.00%|<b>91.55%</b>|2.82%|0.00%|0.00%|4.23%|
|<b>3</b>|5.56%|0.00%|0.00%|<b>94.44%</b>|0.00%|0.00%|0.00%|
|<b>4</b>|2.82%|1.41%|0.00%|0.00%|<b>88.73%</b>|1.41%|5.63%|
|<b>5</b>|0.00%|2.78%|0.00%|0.00%|0.00%|<b>97.22%</b>|0.00%|
|<b>6</b>|8.70%|10.14%|2.90%|1.45%|11.59%|0.00%|<b>65.22%</b>|


#### ResNet-SAM-8
|-|0|1|2|3|4|5|6|
|:--:|:--:|:--:|:--:|:--:|:--:|:--:|:--:|
|<b>0</b>|<b>95.77%</b>|0.00%|4.23%|0.00%|0.00%|0.00%|0.00%|
|<b>1</b>|2.86%|<b>90.00%</b>|0.00%|0.00%|1.43%|1.43%|4.29%|
|<b>2</b>|0.00%|0.00%|<b>98.59%</b>|1.41%|0.00%|0.00%|0.00%|
|<b>3</b>|2.78%|0.00%|0.00%|<b>97.22%</b>|0.00%|0.00%|0.00%|
|<b>4</b>|5.63%|1.41%|1.41%|0.00%|<b>85.92%</b>|1.41%|4.23%|
|<b>5</b>|1.39%|1.39%|0.00%|0.00%|0.00%|<b>97.22%</b>|0.00%|
|<b>6</b>|5.80%|0.00%|11.59%|1.45%|11.59%|0.00%|<b>69.57%</b>|


#### ResNet-SAM-9
|-|0|1|2|3|4|5|6|
|:--:|:--:|:--:|:--:|:--:|:--:|:--:|:--:|
|<b>0</b>|<b>98.59%</b>|0.00%|0.00%|0.00%|0.00%|0.00%|1.41%|
|<b>1</b>|4.29%|<b>88.57%</b>|0.00%|0.00%|0.00%|0.00%|7.14%|
|<b>2</b>|4.23%|0.00%|<b>91.55%</b>|1.41%|1.41%|0.00%|1.41%|
|<b>3</b>|5.56%|0.00%|1.39%|<b>93.06%</b>|0.00%|0.00%|0.00%|
|<b>4</b>|2.82%|0.00%|0.00%|0.00%|<b>80.28%</b>|2.82%|14.08%|
|<b>5</b>|2.78%|0.00%|0.00%|0.00%|0.00%|<b>97.22%</b>|0.00%|
|<b>6</b>|7.25%|1.45%|2.90%|0.00%|2.90%|0.00%|<b>85.51%</b>|


## 5. InceptionNet
#### InceptionNet-0
|-|0|1|2|3|4|5|6|
|:--:|:--:|:--:|:--:|:--:|:--:|:--:|:--:|
|<b>0</b>|<b>67.61%</b>|0.00%|7.04%|5.63%|2.82%|1.41%|15.49%|
|<b>1</b>|1.43%|<b>84.29%</b>|0.00%|0.00%|2.86%|2.86%|8.57%|
|<b>2</b>|0.00%|0.00%|<b>91.55%</b>|5.63%|0.00%|0.00%|2.82%|
|<b>3</b>|0.00%|0.00%|2.78%|<b>97.22%</b>|0.00%|0.00%|0.00%|
|<b>4</b>|1.41%|0.00%|0.00%|4.23%|<b>78.87%</b>|2.82%|12.68%|
|<b>5</b>|1.39%|0.00%|0.00%|0.00%|1.39%|<b>97.22%</b>|0.00%|
|<b>6</b>|4.35%|0.00%|2.90%|8.70%|8.70%|1.45%|<b>73.91%</b>|


#### InceptionNet-1
|-|0|1|2|3|4|5|6|
|:--:|:--:|:--:|:--:|:--:|:--:|:--:|:--:|
|<b>0</b>|<b>83.10%</b>|0.00%|8.45%|2.82%|2.82%|0.00%|2.82%|
|<b>1</b>|2.86%|<b>88.57%</b>|0.00%|0.00%|1.43%|0.00%|7.14%|
|<b>2</b>|1.41%|0.00%|<b>95.77%</b>|1.41%|0.00%|0.00%|1.41%|
|<b>3</b>|1.39%|0.00%|2.78%|<b>95.83%</b>|0.00%|0.00%|0.00%|
|<b>4</b>|1.41%|0.00%|1.41%|0.00%|<b>90.14%</b>|0.00%|7.04%|
|<b>5</b>|4.17%|4.17%|0.00%|0.00%|0.00%|<b>91.67%</b>|0.00%|
|<b>6</b>|1.45%|0.00%|15.94%|2.90%|10.14%|0.00%|<b>69.57%</b>|


#### InceptionNet-2
|-|0|1|2|3|4|5|6|
|:--:|:--:|:--:|:--:|:--:|:--:|:--:|:--:|
|<b>0</b>|<b>87.32%</b>|1.41%|0.00%|2.82%|4.23%|0.00%|4.23%|
|<b>1</b>|0.00%|<b>92.86%</b>|0.00%|0.00%|0.00%|0.00%|7.14%|
|<b>2</b>|0.00%|0.00%|<b>88.73%</b>|5.63%|0.00%|0.00%|5.63%|
|<b>3</b>|0.00%|0.00%|0.00%|<b>100.00%</b>|0.00%|0.00%|0.00%|
|<b>4</b>|1.41%|4.23%|0.00%|1.41%|<b>85.92%</b>|1.41%|5.63%|
|<b>5</b>|1.39%|5.56%|0.00%|0.00%|2.78%|<b>90.28%</b>|0.00%|
|<b>6</b>|4.35%|4.35%|7.25%|4.35%|17.39%|0.00%|<b>62.32%</b>|


#### InceptionNet-3
|-|0|1|2|3|4|5|6|
|:--:|:--:|:--:|:--:|:--:|:--:|:--:|:--:|
|<b>0</b>|<b>80.28%</b>|1.41%|2.82%|2.82%|4.23%|4.23%|4.23%|
|<b>1</b>|0.00%|<b>94.29%</b>|0.00%|0.00%|0.00%|2.86%|2.86%|
|<b>2</b>|1.41%|0.00%|<b>91.55%</b>|2.82%|1.41%|0.00%|2.82%|
|<b>3</b>|2.78%|0.00%|0.00%|<b>97.22%</b>|0.00%|0.00%|0.00%|
|<b>4</b>|0.00%|2.82%|0.00%|0.00%|<b>77.46%</b>|5.63%|14.08%|
|<b>5</b>|1.39%|1.39%|0.00%|0.00%|0.00%|<b>97.22%</b>|0.00%|
|<b>6</b>|4.35%|5.80%|4.35%|0.00%|13.04%|0.00%|<b>72.46%</b>|


#### InceptionNet-4
|-|0|1|2|3|4|5|6|
|:--:|:--:|:--:|:--:|:--:|:--:|:--:|:--:|
|<b>0</b>|<b>61.97%</b>|11.27%|0.00%|1.41%|7.04%|4.23%|14.08%|
|<b>1</b>|0.00%|<b>100.00%</b>|0.00%|0.00%|0.00%|0.00%|0.00%|
|<b>2</b>|0.00%|0.00%|<b>84.51%</b>|4.23%|0.00%|0.00%|11.27%|
|<b>3</b>|0.00%|5.56%|0.00%|<b>94.44%</b>|0.00%|0.00%|0.00%|
|<b>4</b>|0.00%|19.72%|0.00%|0.00%|<b>73.24%</b>|1.41%|5.63%|
|<b>5</b>|0.00%|8.33%|0.00%|0.00%|0.00%|<b>91.67%</b>|0.00%|
|<b>6</b>|0.00%|26.09%|1.45%|0.00%|14.49%|0.00%|<b>57.97%</b>|


#### InceptionNet-5
|-|0|1|2|3|4|5|6|
|:--:|:--:|:--:|:--:|:--:|:--:|:--:|:--:|
|<b>0</b>|<b>83.10%</b>|1.41%|0.00%|7.04%|7.04%|0.00%|1.41%|
|<b>1</b>|1.43%|<b>88.57%</b>|0.00%|0.00%|1.43%|2.86%|5.71%|
|<b>2</b>|0.00%|0.00%|<b>80.28%</b>|9.86%|1.41%|0.00%|8.45%|
|<b>3</b>|1.39%|0.00%|0.00%|<b>98.61%</b>|0.00%|0.00%|0.00%|
|<b>4</b>|1.41%|4.23%|0.00%|4.23%|<b>85.92%</b>|2.82%|1.41%|
|<b>5</b>|1.39%|2.78%|0.00%|0.00%|4.17%|<b>91.67%</b>|0.00%|
|<b>6</b>|5.80%|11.59%|2.90%|5.80%|18.84%|1.45%|<b>53.62%</b>|


#### InceptionNet-6
|-|0|1|2|3|4|5|6|
|:--:|:--:|:--:|:--:|:--:|:--:|:--:|:--:|
|<b>0</b>|<b>92.96%</b>|0.00%|2.82%|4.23%|0.00%|0.00%|0.00%|
|<b>1</b>|4.29%|<b>85.71%</b>|0.00%|0.00%|1.43%|2.86%|5.71%|
|<b>2</b>|4.23%|0.00%|<b>85.92%</b>|4.23%|0.00%|0.00%|5.63%|
|<b>3</b>|0.00%|0.00%|0.00%|<b>100.00%</b>|0.00%|0.00%|0.00%|
|<b>4</b>|8.45%|4.23%|0.00%|5.63%|<b>69.01%</b>|5.63%|7.04%|
|<b>5</b>|2.78%|0.00%|0.00%|0.00%|0.00%|<b>97.22%</b>|0.00%|
|<b>6</b>|13.04%|1.45%|2.90%|7.25%|1.45%|0.00%|<b>73.91%</b>|


#### InceptionNet-7
|-|0|1|2|3|4|5|6|
|:--:|:--:|:--:|:--:|:--:|:--:|:--:|:--:|
|<b>0</b>|<b>81.69%</b>|4.23%|1.41%|1.41%|7.04%|2.82%|1.41%|
|<b>1</b>|0.00%|<b>95.71%</b>|0.00%|0.00%|1.43%|1.43%|1.43%|
|<b>2</b>|2.82%|0.00%|<b>83.10%</b>|7.04%|1.41%|0.00%|5.63%|
|<b>3</b>|0.00%|0.00%|0.00%|<b>100.00%</b>|0.00%|0.00%|0.00%|
|<b>4</b>|2.82%|11.27%|0.00%|0.00%|<b>78.87%</b>|4.23%|2.82%|
|<b>5</b>|1.39%|2.78%|0.00%|0.00%|0.00%|<b>95.83%</b>|0.00%|
|<b>6</b>|7.25%|11.59%|4.35%|8.70%|20.29%|0.00%|<b>47.83%</b>|


#### InceptionNet-8
|-|0|1|2|3|4|5|6|
|:--:|:--:|:--:|:--:|:--:|:--:|:--:|:--:|
|<b>0</b>|<b>84.51%</b>|1.41%|0.00%|2.82%|2.82%|0.00%|8.45%|
|<b>1</b>|0.00%|<b>100.00%</b>|0.00%|0.00%|0.00%|0.00%|0.00%|
|<b>2</b>|0.00%|0.00%|<b>91.55%</b>|4.23%|0.00%|0.00%|4.23%|
|<b>3</b>|4.17%|0.00%|0.00%|<b>95.83%</b>|0.00%|0.00%|0.00%|
|<b>4</b>|1.41%|12.68%|0.00%|0.00%|<b>76.06%</b>|1.41%|8.45%|
|<b>5</b>|1.39%|4.17%|0.00%|0.00%|0.00%|<b>94.44%</b>|0.00%|
|<b>6</b>|7.25%|13.04%|4.35%|0.00%|10.14%|0.00%|<b>65.22%</b>|


#### InceptionNet-9
|-|0|1|2|3|4|5|6|
|:--:|:--:|:--:|:--:|:--:|:--:|:--:|:--:|
|<b>0</b>|<b>87.32%</b>|1.41%|0.00%|2.82%|7.04%|1.41%|0.00%|
|<b>1</b>|0.00%|<b>97.14%</b>|0.00%|0.00%|0.00%|1.43%|1.43%|
|<b>2</b>|7.04%|0.00%|<b>74.65%</b>|11.27%|0.00%|0.00%|7.04%|
|<b>3</b>|1.39%|0.00%|0.00%|<b>98.61%</b>|0.00%|0.00%|0.00%|
|<b>4</b>|2.82%|9.86%|0.00%|1.41%|<b>78.87%</b>|2.82%|4.23%|
|<b>5</b>|1.39%|5.56%|0.00%|0.00%|1.39%|<b>91.67%</b>|0.00%|
|<b>6</b>|8.70%|14.49%|2.90%|2.90%|14.49%|1.45%|<b>55.07%</b>|

## 6. InceptionNet-SAM
#### InceptionNet-SAM-0
|-|0|1|2|3|4|5|6|
|:--:|:--:|:--:|:--:|:--:|:--:|:--:|:--:|
|<b>0</b>|<b>85.92%</b>|0.00%|1.41%|1.41%|1.41%|1.41%|8.45%|
|<b>1</b>|0.00%|<b>97.14%</b>|0.00%|0.00%|0.00%|1.43%|1.43%|
|<b>2</b>|1.41%|0.00%|<b>90.14%</b>|5.63%|0.00%|0.00%|2.82%|
|<b>3</b>|0.00%|0.00%|0.00%|<b>100.00%</b>|0.00%|0.00%|0.00%|
|<b>4</b>|0.00%|12.68%|0.00%|0.00%|<b>71.83%</b>|4.23%|11.27%|
|<b>5</b>|0.00%|4.17%|0.00%|0.00%|0.00%|<b>95.83%</b>|0.00%|
|<b>6</b>|2.90%|11.59%|0.00%|1.45%|5.80%|0.00%|<b>78.26%</b>|


#### InceptionNet-SAM-1
|-|0|1|2|3|4|5|6|
|:--:|:--:|:--:|:--:|:--:|:--:|:--:|:--:|
|<b>0</b>|<b>70.42%</b>|1.41%|0.00%|1.41%|9.86%|2.82%|14.08%|
|<b>1</b>|0.00%|<b>91.43%</b>|0.00%|0.00%|5.71%|1.43%|1.43%|
|<b>2</b>|5.63%|0.00%|<b>64.79%</b>|7.04%|1.41%|0.00%|21.13%|
|<b>3</b>|0.00%|0.00%|0.00%|<b>97.22%</b>|0.00%|0.00%|2.78%|
|<b>4</b>|0.00%|2.82%|0.00%|0.00%|<b>91.55%</b>|4.23%|1.41%|
|<b>5</b>|0.00%|1.39%|0.00%|0.00%|0.00%|<b>98.61%</b>|0.00%|
|<b>6</b>|1.45%|14.49%|0.00%|0.00%|39.13%|0.00%|<b>44.93%</b>|


#### InceptionNet-SAM-2
|-|0|1|2|3|4|5|6|
|:--:|:--:|:--:|:--:|:--:|:--:|:--:|:--:|
|<b>0</b>|<b>88.73%</b>|0.00%|1.41%|1.41%|0.00%|1.41%|7.04%|
|<b>1</b>|0.00%|<b>92.86%</b>|0.00%|0.00%|0.00%|1.43%|5.71%|
|<b>2</b>|0.00%|0.00%|<b>87.32%</b>|1.41%|0.00%|0.00%|11.27%|
|<b>3</b>|2.78%|0.00%|1.39%|<b>95.83%</b>|0.00%|0.00%|0.00%|
|<b>4</b>|4.23%|9.86%|0.00%|1.41%|<b>61.97%</b>|1.41%|21.13%|
|<b>5</b>|2.78%|1.39%|0.00%|0.00%|0.00%|<b>95.83%</b>|0.00%|
|<b>6</b>|5.80%|5.80%|5.80%|0.00%|2.90%|0.00%|<b>79.71%</b>|


#### InceptionNet-SAM-3
|-|0|1|2|3|4|5|6|
|:--:|:--:|:--:|:--:|:--:|:--:|:--:|:--:|
|<b>0</b>|<b>83.10%</b>|4.23%|0.00%|0.00%|2.82%|1.41%|8.45%|
|<b>1</b>|0.00%|<b>94.29%</b>|0.00%|0.00%|0.00%|2.86%|2.86%|
|<b>2</b>|1.41%|0.00%|<b>90.14%</b>|4.23%|0.00%|0.00%|4.23%|
|<b>3</b>|1.39%|0.00%|2.78%|<b>95.83%</b>|0.00%|0.00%|0.00%|
|<b>4</b>|0.00%|7.04%|0.00%|0.00%|<b>84.51%</b>|2.82%|5.63%|
|<b>5</b>|0.00%|2.78%|0.00%|0.00%|2.78%|<b>93.06%</b>|1.39%|
|<b>6</b>|4.35%|5.80%|1.45%|1.45%|14.49%|0.00%|<b>72.46%</b>|


#### InceptionNet-SAM-4
|-|0|1|2|3|4|5|6|
|:--:|:--:|:--:|:--:|:--:|:--:|:--:|:--:|
|<b>0</b>|<b>80.28%</b>|0.00%|1.41%|1.41%|2.82%|0.00%|14.08%|
|<b>1</b>|2.86%|<b>78.57%</b>|0.00%|0.00%|2.86%|2.86%|12.86%|
|<b>2</b>|0.00%|0.00%|<b>94.37%</b>|2.82%|0.00%|0.00%|2.82%|
|<b>3</b>|0.00%|0.00%|2.78%|<b>95.83%</b>|0.00%|0.00%|1.39%|
|<b>4</b>|4.23%|0.00%|0.00%|0.00%|<b>78.87%</b>|1.41%|15.49%|
|<b>5</b>|2.78%|1.39%|0.00%|0.00%|2.78%|<b>93.06%</b>|0.00%|
|<b>6</b>|2.90%|1.45%|5.80%|4.35%|10.14%|0.00%|<b>75.36%</b>|


#### InceptionNet-SAM-5
|-|0|1|2|3|4|5|6|
|:--:|:--:|:--:|:--:|:--:|:--:|:--:|:--:|
|<b>0</b>|<b>90.14%</b>|0.00%|0.00%|1.41%|4.23%|0.00%|4.23%|
|<b>1</b>|1.43%|<b>85.71%</b>|0.00%|0.00%|0.00%|1.43%|11.43%|
|<b>2</b>|1.41%|0.00%|<b>88.73%</b>|4.23%|0.00%|0.00%|5.63%|
|<b>3</b>|1.39%|0.00%|1.39%|<b>95.83%</b>|0.00%|0.00%|1.39%|
|<b>4</b>|2.82%|0.00%|0.00%|1.41%|<b>85.92%</b>|2.82%|7.04%|
|<b>5</b>|2.78%|4.17%|0.00%|0.00%|0.00%|<b>93.06%</b>|0.00%|
|<b>6</b>|5.80%|0.00%|2.90%|2.90%|5.80%|0.00%|<b>82.61%</b>|


#### InceptionNet-SAM-6
|-|0|1|2|3|4|5|6|
|:--:|:--:|:--:|:--:|:--:|:--:|:--:|:--:|
|<b>0</b>|<b>81.69%</b>|0.00%|2.82%|1.41%|2.82%|0.00%|11.27%|
|<b>1</b>|0.00%|<b>80.00%</b>|0.00%|0.00%|1.43%|4.29%|14.29%|
|<b>2</b>|0.00%|0.00%|<b>94.37%</b>|4.23%|0.00%|0.00%|1.41%|
|<b>3</b>|0.00%|0.00%|0.00%|<b>98.61%</b>|0.00%|0.00%|1.39%|
|<b>4</b>|1.41%|0.00%|0.00%|0.00%|<b>76.06%</b>|2.82%|19.72%|
|<b>5</b>|1.39%|1.39%|0.00%|0.00%|0.00%|<b>97.22%</b>|0.00%|
|<b>6</b>|1.45%|0.00%|5.80%|5.80%|5.80%|1.45%|<b>79.71%</b>|


#### InceptionNet-SAM-7
|-|0|1|2|3|4|5|6|
|:--:|:--:|:--:|:--:|:--:|:--:|:--:|:--:|
|<b>0</b>|<b>84.51%</b>|0.00%|1.41%|2.82%|5.63%|5.63%|0.00%|
|<b>1</b>|1.43%|<b>90.00%</b>|0.00%|0.00%|0.00%|2.86%|5.71%|
|<b>2</b>|1.41%|0.00%|<b>94.37%</b>|2.82%|0.00%|0.00%|1.41%|
|<b>3</b>|2.78%|0.00%|2.78%|<b>94.44%</b>|0.00%|0.00%|0.00%|
|<b>4</b>|1.41%|2.82%|0.00%|0.00%|<b>87.32%</b>|4.23%|4.23%|
|<b>5</b>|0.00%|0.00%|0.00%|0.00%|0.00%|<b>100.00%</b>|0.00%|
|<b>6</b>|5.80%|10.14%|7.25%|2.90%|13.04%|0.00%|<b>60.87%</b>|


#### InceptionNet-SAM-8
|-|0|1|2|3|4|5|6|
|:--:|:--:|:--:|:--:|:--:|:--:|:--:|:--:|
|<b>0</b>|<b>77.46%</b>|0.00%|2.82%|2.82%|2.82%|1.41%|12.68%|
|<b>1</b>|0.00%|<b>90.00%</b>|0.00%|0.00%|2.86%|1.43%|5.71%|
|<b>2</b>|0.00%|0.00%|<b>92.96%</b>|4.23%|0.00%|0.00%|2.82%|
|<b>3</b>|1.39%|0.00%|2.78%|<b>95.83%</b>|0.00%|0.00%|0.00%|
|<b>4</b>|1.41%|9.86%|0.00%|1.41%|<b>76.06%</b>|1.41%|9.86%|
|<b>5</b>|1.39%|1.39%|0.00%|0.00%|0.00%|<b>97.22%</b>|0.00%|
|<b>6</b>|4.35%|5.80%|8.70%|2.90%|7.25%|0.00%|<b>71.01%</b>|


#### InceptionNet-SAM-9
|-|0|1|2|3|4|5|6|
|:--:|:--:|:--:|:--:|:--:|:--:|:--:|:--:|
|<b>0</b>|<b>83.10%</b>|0.00%|4.23%|4.23%|2.82%|0.00%|5.63%|
|<b>1</b>|0.00%|<b>94.29%</b>|0.00%|0.00%|0.00%|0.00%|5.71%|
|<b>2</b>|0.00%|0.00%|<b>94.37%</b>|5.63%|0.00%|0.00%|0.00%|
|<b>3</b>|0.00%|0.00%|1.39%|<b>98.61%</b>|0.00%|0.00%|0.00%|
|<b>4</b>|5.63%|7.04%|0.00%|4.23%|<b>69.01%</b>|1.41%|12.68%|
|<b>5</b>|2.78%|8.33%|0.00%|0.00%|0.00%|<b>88.89%</b>|0.00%|
|<b>6</b>|5.80%|7.25%|4.35%|7.25%|2.90%|0.00%|<b>72.46%</b>|
